[2, 10, 11, 17, 25, 36, 50, 65]
[6, 11, 19, 31, 47]
[6, 7, 20, 26, 28]
[3, 11, 16, 31, 47]
[2, 7, 9, 19]
[1, 6, 22, 38, 45, 52]
[15, 31, 47]
[2, 4, 18, 19, 32, 48, 64]
[16, 30, 46]
[7, 20, 27, 36, 49, 63]
[3, 7]
[9, 19, 25, 29, 32]
[3, 10, 16, 31]
[9, 11, 14]
[18, 25, 32, 48, 64]
[5, 21, 35, 51]
[4, 20, 28, 31, 46]
[5, 21, 28, 35, 50]
[7, 23, 35]
[7, 22, 37, 42, 49]
[2, 3, 9, 19, 33]
[0, 1, 2, 6, 20, 26]
[6, 9, 11, 16, 30]
[0, 1, 2, 6, 22]
[13]
[11, 19, 34, 48, 64]
[8, 17, 33, 46, 48]
[0, 5, 10]
[0, 5, 20, 36]
[11, 16]
[19, 33, 48]
[3, 15, 18, 28, 30]
[1, 2, 8, 20, 28, 36, 51, 66]
[15, 31]
[7, 23, 38, 54, 61, 70, 79]
[1, 2, 9, 11, 19, 35, 42]
[2, 7, 23, 26, 27]
[1, 7, 8, 9, 20, 33, 34]
[3, 11, 17, 25, 35, 49]
[1, 7, 19, 35, 42]
[16, 31, 46]
[3, 11, 19, 25]
[4, 9, 10, 19, 35, 51, 67, 83]
[19, 33, 49, 65]
[14, 25]
[6, 9, 19, 25, 29]
[5, 20, 36, 42, 48, 49, 50]
[2]
[2, 18]
[11]
[7, 17]
[11, 21, 23]
[2, 3, 9, 18, 25, 33]
[18, 31]
[10, 19, 35, 42, 46]
[2, 7, 9, 18, 25, 34, 49, 50]
[12]
[12]
[19, 31, 46]
[2, 9, 15, 31]
